Optimizer stripped from runs/train/exp/weights/last.pt, 14.5MB
Optimizer stripped from runs/train/exp/weights/best.pt, 14.5MB

Validating runs/train/exp/weights/best.pt...
Fusing layers...
Model summary: 157 layers, 7066762 parameters, 0 gradients, 15.9 GFLOPs
                 Class     Images  Instances          P          R      mAP50   mAP50-95: 100%|██████████| 5/5 [00:07<00:00,  1.49s/it]
                   all        600       3884      0.848      0.664      0.726      0.529
                 乘用小汽车        600       1258      0.882      0.901      0.936      0.811
                  公共汽车        600          6      0.938      0.833      0.835      0.737
             商用车辆（卡车等）        600          3      0.786      0.333      0.379       0.37
                   MPV        600         16      0.724      0.438      0.474      0.416
                  其他车辆        600          5          1       0.28      0.795      0.343
                   二轮车        600        151      0.764      0.816      0.817      0.546
                    栅栏        600         54      0.785      0.537      0.611      0.393
                    轮挡        600        676       0.85       0.72      0.825      0.479
                   承重柱        600        891      0.875      0.833      0.893      0.718
                   隔离桩        600         35      0.853      0.543       0.56      0.282
                    锥桶        600        251      0.918      0.847      0.888      0.622
                    行人        600        138      0.876      0.715       0.79      0.523
                    地锁        600         61      0.915      0.878      0.899      0.681
                   A字牌        600         70      0.932      0.886      0.909      0.731
                    纸箱        600         33      0.955      0.879      0.952      0.767
           禁止类文本（地面上的）        600         12      0.954      0.667      0.679      0.648
                   管状物        600         54      0.601      0.223      0.293      0.176
                   匝道杆        600          8      0.688        0.5      0.496      0.278
                  注水围栏        600         56       0.82      0.696      0.724      0.547
                   垃圾桶        600         23      0.859      0.783       0.82      0.588
               离地方形障碍物        600         83      0.827      0.635      0.667      0.452
Results saved to runs/train/exp